v 1.0 -1.0 1.0
v 1.0 -1.0 -1.0
v -1.0 -1.0 -1.0
v -1.0 -1.0 1.0

v 1.0 1.0 1.0
v 1.0 1.0 -1.0
v 1.0 -1.0 -1.0
v 1.0 -1.0 1.0

v 1.0 1.0 1.0
v 1.0 1.0 -1.0
v -1.0 1.0 -1.0
v -1.0 1.0 1.0

v -1.0 1.0 1.0
v -1.0 1.0 -1.0
v -1.0 -1.0 -1.0
v -1.0 -1.0 1.0

v 1.0 1.0 1.0
v 1.0 -1.0 1.0
v -1.0 -1.0 1.0
v -1.0 1.0 1.0

v 1.0 1.0 -1.0
v 1.0 -1.0 -1.0
v -1.0 -1.0 -1.0
v -1.0 1.0 -1.0

f 1 3 2
f 1 4 3

f 5 7 6
f 5 8 7

f 9 11 10
f 9 12 11

f 13 15 14
f 13 16 15

f 17 19 18
f 17 20 19

f 21 23 22
f 21 24 23

n 0.0 -1.0 0.0
n 0.0 -1.0 0.0
n 0.0 -1.0 0.0
n 0.0 -1.0 0.0

n 1.0 0.0 0.0
n 1.0 0.0 0.0
n 1.0 0.0 0.0
n 1.0 0.0 0.0

n 0.0 1.0 0.0
n 0.0 1.0 0.0
n 0.0 1.0 0.0
n 0.0 1.0 0.0

n -1.0 0.0 0.0
n -1.0 0.0 0.0
n -1.0 0.0 0.0
n -1.0 0.0 0.0

n 0.0 0.0 1.0
n 0.0 0.0 1.0
n 0.0 0.0 1.0
n 0.0 0.0 1.0

n 0.0 0.0 -1.0
n 0.0 0.0 -1.0
n 0.0 0.0 -1.0
n 0.0 0.0 -1.0


